000000000000rider used
111111111110
111111111110
111111111110
111111111110
111119111110
111110111110
11111s111110
111111111110
111111111110
111111111110
111111111110
000000000000rider
111111111110
111111111110
111111111110
111119111110
111110111110
111110111110
11111s111110
111111111110
111111111110
111111111110
111111111110
000000000000transporter
111111111110
111111111110
111111111110
111199911110
111100011110
111100011110
111100011110
11111s111110
111111111110
111111111110
111111111110
000000000000rucket
111111111110
111111111110
111111111110
111119111110
111110111110
111110111110
111110111110
111110111110
11111s111110
111111111110
111111111110
000000000000thin seeker
111111111110
111111111110
111111111110
111119111110
111110111110
111110111110
111110111110
11111s111110
111111111110
111111111110
111111111110
000000000000bus
111111111110
111111111110
111111111110
111191911110
111100011110
111100011110
111100011110
111100011110
11111s111110
111111111110
111111111110
000000000000fisgher
111111111110
111111111110
111111111110
111111911110
111001011110
111001011110
111000011110
111s11111110
111111111110
111111111110
111111111110
000000000000fim cruease
111111111110
111111111110
111111111110
111111111110
119111119110
110111110110
110011100110
110000000110
110010100110
11111s111110
111111111110
000000000000
111111111110
111111111110
111111111110
111199911110
111100011110
111100011110
111100011110
111100011110
111100011110
11111s111110
111111111110
000000000000window
111111111110
111111111110
111111111110
111911191110
111011101110
111011101110
111011101110
111000001110
11111s111110
111111111110
111111111110
000000000000frontsword
111111111110
111111111110
111111111110
111100011110
111000001110
111000001110
111100011110
119000009110
11111s111110
111111111110
111111111110
000000000000car go ship
111111111110
111111111110
111191911110
111001001110
111000001110
111000001110
111000001110
111s00001110
111111111110
111111111110
111111111110
000000000000protype
111111111110
111119111110
111910191110
111010101110
111000001110
111000001110
111000001110
111100011110
11111s111110
111111111110
111111111110
000000000000parctice lunch
111111111110
111111111110
111119111110
111900091110
111000001110
111000001110
111000001110
111100011110
111100011110
11111s111110
111111111110
000000000000small masterno
111111111110
111111111110
111111111110
111100011110
111000001110
111000001110
111000001110
111900091110
11111s111110
111111111110
111111111110
000000000000triangle
111111111110
111119111110
111190911110
111100011110
111900091110
111000001110
111000001110
110000000110
110000000110
11111s111110
111111111110
000119110000eco seeker
111190911110
111900091110
111000001110
111000001110
111000001110
111100011110
111110111110
111110111110
111110111110
11111s111110
111111111110
000000000000spaceshuttle
111111111110
111111111110
111191911110
111900091110
111100011110
111000001110
111000001110
111000001110
111000001110
111000001110
11111s111110
000000000000cactus
111111111110
111199911110
119000009110
119000009110
111100011110
111100011110
111100011110
111100011110
111000001110
111000001110
11111s111110
000000000000explorer
111111111110
111100011110
111100011110
900000000090
900000000090
900000000090
111100011110
111100011110
111100011110
11111s111110
111111111110
000000000000luxusclass
111111111110
111119111110
111100011110
111100011110
111100011110
119000009110
100000000010
100000000010
111100011110
111110111110
11111s111110
000000000000masterno
111111111110
111111111110
111100011110
111000001110
110000000110
110000000110
110000000110
119000009110
111900091110
11119s911110
111111111110
000000000000
111111111110
111111111110
111111111110
111111111110
111111111110
111111111110
111111111110
111111111110
111111111110
111111111110
111111111110
000000000000
111111111110
111111111110
111111111110
111111111110
111111111110
111111111110
111111111110
111111111110
111111111110
111111111110
111111111110
000000000000
111111111110
111111111110
111111111110
111111111110
111111111110
111111111110
111111111110
111111111110
111111111110
111111111110
111111111110
000000000000
111111111110
111111111110
111111111110
111111111110
111111111110
111111111110
111111111110
111111111110
111111111110
111111111110
111111111110
000000000000
111111111110
111111111110
111111111110
111111111110
111111111110
111111111110
111111111110
111111111110
111111111110
111111111110
111111111110
000000000000
111111111110
111111111110
111111111110
111111111110
111111111110
111111111110
111111111110
111111111110
111111111110
111111111110
111111111110
000000000000
111111111110
111111111110
111111111110
111111111110
111111111110
111111111110
111111111110
111111111110
111111111110
111111111110
111111111110
000000000000
111111111110
111111111110
111111111110
111111111110
111111111110
111111111110
111111111110
111111111110
111111111110
111111111110
111111111110
000000000000
111111111110
111111111110
111111111110
111111111110
111111111110
111111111110
111111111110
111111111110
111111111110
111111111110
111111111110
000000000000
111111111110
111111111110
111111111110
111111111110
111111111110
111111111110
111111111110
111111111110
111111111110
111111111110
111111111110
000000000000
111111111110
111111111110
111111111110
111111111110
111111111110
111111111110
111111111110
111111111110
111111111110
111111111110
111111111110
000000000000
111111111110
111111111110
111111111110
111111111110
111111111110
111111111110
111111111110
111111111110
111111111110
111111111110
111111111110
000000000000
111111111110
111111111110
111111111110
111111111110
111111111110
111111111110
111111111110
111111111110
111111111110
111111111110
111111111110
000000000000
111111111110
111111111110
111111111110
111111111110
111111111110
111111111110
111111111110
111111111110
111111111110
111111111110
111111111110
000000000000
111111111110
111111111110
111111111110
111111111110
111111111110
111111111110
111111111110
111111111110
111111111110
111111111110
111111111110
000000000000
111111111110
111111111110
111111111110
111111111110
111111111110
111111111110
111111111110
111111111110
111111111110
111111111110
111111111110
000000000000
111111111110
111111111110
111111111110
111111111110
111111111110
111111111110
111111111110
111111111110
111111111110
111111111110
111111111110
000000000000
111111111110
111111111110
111111111110
111111111110
111111111110
111111111110
111111111110
111111111110
111111111110
111111111110
111111111110
000000000000
111111111110
111111111110
111111111110
111111111110
111111111110
111111111110
111111111110
111111111110
111111111110
111111111110
111111111110
000000000000
111111111110
111111111110
111111111110
111111111110
111111111110
111111111110
111111111110
111111111110
111111111110
111111111110
111111111110
000000000000
111111111110
111111111110
111111111110
111111111110
111111111110
111111111110
111111111110
111111111110
111111111110
111111111110
111111111110
000000000000
111111111110
111111111110
111111111110
111111111110
111111111110
111111111110
111111111110
111111111110
111111111110
111111111110
111111111110
000000000000
111111111110
111111111110
111111111110
111111111110
111111111110
111111111110
111111111110
111111111110
111111111110
111111111110
111111111110
000000000000
111111111110
111111111110
111111111110
111111111110
111111111110
111111111110
111111111110
111111111110
111111111110
111111111110
111111111110
000000000000
111111111110
111111111110
111111111110
111111111110
111111111110
111111111110
111111111110
111111111110
111111111110
111111111110
111111111110
000000000000
111111111110
111111111110
111111111110
111111111110
111111111110
111111111110
111111111110
111111111110
111111111110
111111111110
111111111110
000000000000
111111111110
111111111110
111111111110
111111111110
111111111110
111111111110
111111111110
111111111110
111111111110
111111111110
111111111110
000000000000
111111111110
111111111110
111111111110
111111111110
111111111110
111111111110
111111111110
111111111110
111111111110
111111111110
111111111110
000000000000
111111111110
111111111110
111111111110
111111111110
111111111110
111111111110
111111111110
111111111110
111111111110
111111111110
111111111110
000000000000
111111111110
111111111110
111111111110
111111111110
111111111110
111111111110
111111111110
111111111110
111111111110
111111111110
111111111110
000000000000
111111111110
111111111110
111111111110
111111111110
111111111110
111111111110
111111111110
111111111110
111111111110
111111111110
111111111110
000000000000
111111111110
111111111110
111111111110
111111111110
111111111110
111111111110
111111111110
111111111110
111111111110
111111111110
111111111110
000000000000
111111111110
111111111110
111111111110
111111111110
111111111110
111111111110
111111111110
111111111110
111111111110
111111111110
111111111110
000000000000
111111111110
111111111110
111111111110
111111111110
111111111110
111111111110
111111111110
111111111110
111111111110
111111111110
111111111110
000000000000
111111111110
111111111110
111111111110
111111111110
111111111110
111111111110
111111111110
111111111110
111111111110
111111111110
111111111110
000000000000
111111111110
111111111110
111111111110
111111111110
111111111110
111111111110
111111111110
111111111110
111111111110
111111111110
111111111110
000000000000
111111111110
111111111110
111111111110
111111111110
111111111110
111111111110
111111111110
111111111110
111111111110
111111111110
111111111110
000000000000
111111111110
111111111110
111111111110
111111111110
111111111110
111111111110
111111111110
111111111110
111111111110
111111111110
111111111110
000000000000
111111111110
111111111110
111111111110
111111111110
111111111110
111111111110
111111111110
111111111110
111111111110
111111111110
111111111110
000000000000